#RBV: Read balance validator
#Command: ['RBV.py', '--CNV_file', '/gpfs1m/projects/nesi00322/Readbal/EAGLE_sims/NA12878_Matsunami2013_CNVs_3/CNVs_wfakes.interval_file', '--interval_file', 'safe_calling_regions.interval_list', '--vcf', '/gpfs1m/projects/nesi00322/Readbal/EAGLE_sims/NA12878_Matsunami2013_CNVs_3/NA12878_Matsunami2013_CNVs.vcf', '--sample_id', 'NA12878_Matsunami2013_CNVs_3', '--output_dir', 'RBV_NA12878_Matsunami2013_CNVs_3_wfake', '--seq_type', 'WGS', '--calling_method', 'haplotypecaller']
#Random mean read balance = 0.580879558478	Std dev = 0.065067365096	3 Std dev from mean = 0.776081653766 0.38567746319	5 Std dev from mean = 0.906216383958 0.255542732998
#
#CHR	START	STOP	predicted type	h1 het snp number	h1 pvalue	h3 mean readbal	h3 t-test	h3 ks-test
1	4737693	4746636	DEL	1	0.274	0.656989247312	0.500966440539	0.35149373712
1	10624023	10627542	DEL	2	0.589	0.665255796835	0.309547791188	0.108520494251
1	145714421	146101228	DUP	26	0.013	0.670220094571	1.388298212e-10	9.78751212704e-15
1	169704308	169732211	DEL	0	0.02	nan	nan	nan
1	179456385	179472635	DEL	42	0.959	0.571446569121	0.3281613659	0.395274602217
1	204193679	204209979	DEL	0	0.071	nan	nan	nan
1	215858193	215861879	DEL	19	0.993	0.579024042792	0.872769502371	0.806722931282
1	225508461	225511454	DEL	1	0.525	0.58064516129	nan	0.693920815459
1	228848896	228853665	DEL	6	0.781	0.570615016064	0.579168624361	0.621236446394
1	237993724	237995299	DEL	1	0.68	0.648148148148	0.170398244524	0.071365414946
1	243860912	243861049	DEL	0	0.907	nan	nan	nan
2	12685369	12693172	DEL	0	0.185	nan	nan	nan
2	32982548	33050816	DUP	3	0.043	0.685453702894	0.000429988834804	8.89758977152e-06
2	37904904	37909117	DUP	0	0.285	0.666666666667	nan	0.190069608185
2	45997209	45997519	DEL	0	0.804	nan	nan	nan
2	51272055	51336043	DEL	0	0.005	0.727272727273	nan	0.118496044644
2	52420563	52584090	DEL	0	0.001	nan	nan	nan
2	58346718	58349248	DEL	1	0.548	0.516129032258	nan	0.188109832128
2	62195814	62230970	DEL	2	0.074	0.628577441077	0.588785970206	0.777814395708
2	75014711	75044204	DEL	1	0.062	0.62962962963	nan	0.286316936477
2	79330766	79342811	DUP	10	0.601	0.624233909142	0.0166533485348	0.0135931106772
2	120130796	120145728	DEL	0	0.079	nan	nan	nan
2	236424336	236465062	DEL	14	0.329	0.584646255321	0.793194802006	0.563883992681
3	6724453	7046515	DUP	215	0.355	0.675243229021	3.75748053652e-128	4.06377072227e-140
3	12387768	12393125	DEL	0	0.218	0.782608695652	nan	0.103213338178
3	21731567	21734331	DUP	0	0.365	0.705261968424	0.00263808663609	0.000278605645323
3	57051604	57053353	DUP	6	0.953	0.616117518234	0.248989530865	0.107878291578
3	60774451	60777932	DUP	5	0.79	0.613359429341	0.226894378004	0.337993770414
3	63962828	63964474	DEL	1	0.696	0.52	nan	0.26170380537
3	74566042	74584605	DEL	0	0.066	0.714492753623	0.0886535930476	0.0207700865472
3	171090367	171092891	DUP	3	0.77	0.614122807018	0.575202726325	0.748092852573
3	172596081	172617355	DUP	5	0.323	0.656317430268	0.000202644060527	3.90451144371e-05
4	58811798	58816810	DEL	0	0.237	nan	nan	nan
4	80865807	80887173	DEL	0	0.049	nan	nan	nan
4	101551216	101616281	DEL	6	0.102	0.566299645197	0.272913316659	0.390170074002
4	134924034	135188390	DEL	4	0.0	0.543997668998	0.062482508956	0.344785239551
4	185734577	185740215	DEL	8	0.813	0.542241872711	0.0471751267323	0.219761698366
4	189084983	189117429	DEL	0	0.021	0.726327312534	0.0548740769311	0.00750428070454
5	20436884	20449034	DEL	1	0.212	0.526315789474	nan	0.317303110853
5	58469036	58470270	DEL	2	0.858	0.52849002849	0.117696755732	0.173116206321
5	99634772	99682698	DEL	4	0.109	0.618233641916	0.450698403811	0.480181404749
5	132621489	132630849	DUP	10	0.715	0.647170173353	0.00215027334969	0.0047172578643
5	142599442	142602063	DEL	1	0.506	0.5	nan	0.149138077004
5	151582812	151583410	DEL	1	0.864	0.576923076923	nan	0.742822021039
6	7425246	7464367	DUP	7	0.257	0.68049087961	3.70190883974e-06	3.98484157981e-08
6	10856101	10872458	DEL	0	0.07	nan	nan	nan
6	42126761	42128299	DEL	1	0.699	0.5	nan	0.149138077004
6	44113916	44180221	DEL	0	0.001	nan	nan	nan
6	47864831	49244526	DEL	2	0.0	0.71654040404	0.0532475682323	0.01093757359
6	53856580	53864523	DEL	2	0.401	0.62165296226	0.243256745018	0.172988183335
6	62443739	62462295	DEL	0	0.055	nan	nan	nan
6	119419595	119427038	DEL	11	0.809	0.576950751734	0.771349869038	0.720273296813
6	123893763	123897553	DEL	8	0.899	0.550442322623	0.109941897783	0.482937582369
6	139985775	140128887	DUP	48	0.239	0.644547967938	2.09266583349e-11	8.98139804424e-16
6	147588752	147664671	DUP	1	0.003	0.678750862664	0.102831591638	0.012908579008
6	161189018	161218651	DEL	0	0.018	0.666666666667	nan	0.190069608185
7	6838712	6864071	DEL	0	0.031	0.785714285714	nan	0.102813334944
7	11782637	11783917	DEL	0	0.501	0.782608695652	nan	0.103213338178
7	13962113	13962620	DEL	0	0.726	nan	nan	nan
7	71597328	71603027	DUP	0	0.214	nan	nan	nan
7	105285949	105321353	DEL	0	0.016	nan	nan	nan
7	124546250	124580202	DEL	4	0.199	0.577304883434	0.875945948	0.779675509153
8	3160739	3160885	DEL	0	0.894	nan	nan	nan
8	3169351	3169808	DEL	0	0.75	nan	nan	nan
8	3479586	3480400	DEL	0	0.644	0.666666666667	nan	0.190069608185
8	4907673	4911422	DEL	0	0.314	nan	nan	nan
8	31977229	31989597	DEL	1	0.239	0.665322580645	0.500872286814	0.35149373712
8	52261992	52265315	DEL	3	0.656	0.604245048495	0.49520850196	0.171777088068
8	84323466	84337983	DEL	0	0.08	nan	nan	nan
8	85281895	85304198	DEL	0	0.043	nan	nan	nan
8	86471729	86553130	DUP	4	0.036	0.66652958153	0.00344918253567	0.000139251125429
8	100402969	100406592	DEL	2	0.585	0.706009816207	0.2280678944	0.102172384982
9	7036350	7051859	DEL	0	0.073	nan	nan	nan
9	28027694	28039222	DUP	5	0.448	0.655551508627	0.00883662373338	0.00202540471918
9	28190069	28347679	DEL	1	0.0	0.709770114943	0.486562721272	0.296197382195
9	75206337	75207666	DUP	5	0.976	0.579782608696	0.942026289682	0.748979696097
9	116468123	116631674	DUP	33	0.14	0.677958159674	4.34099856236e-27	3.27100533002e-34
9	139083019	139113146	DUP	9	0.333	0.646324697592	0.0003342329066	4.73920486459e-05
10	27361202	27381349	DEL	3	0.279	0.727313537855	0.0472726829779	0.0106033215395
10	33217225	33222978	DEL	1	0.36	0.625	nan	0.316584981491
10	38914665	42953131	DEL	29	0.002	0.74666690061	1.202238021e-29	6.64840930455e-49
10	52133698	52232708	DUP	5	0.026	0.668145891946	0.0179272045711	0.00336312716643
10	60793303	60857532	DUP	8	0.148	0.659051674938	0.000157103885094	3.95412362638e-06
10	68350062	68375800	DEL	3	0.229	0.56231962482	0.67784770121	0.445763817797
10	81032555	81037800	DEL	0	0.231	0.85142021721	0.00811716630709	0.00142670640668
10	83893626	84175018	DEL	4	0.0	0.592292960663	0.677158794718	0.265267219492
10	86939018	86970632	DEL	3	0.146	0.583056619838	0.944808272961	0.948299778313
10	89720106	89723874	DEL	3	0.621	0.604277180406	0.531115814583	0.748092852573
10	91210650	91217984	DEL	8	0.702	0.610548619964	0.235076617008	0.507696410185
10	92274764	92289762	DEL	0	0.102	nan	nan	nan
11	7488341	7489819	DUP	2	0.825	0.672943722944	0.124862608374	0.0103213118533
11	12002139	12007077	DUP	5	0.696	0.641683812441	0.0843819890074	0.073919709126
11	12374189	12374712	DEL	1	0.912	0.635416666667	0.315901715483	0.0458823004439
11	16569019	16576640	DEL	2	0.373	0.561111111111	0.167684206429	0.562507229022
11	31000774	31000929	DUP	0	0.874	nan	nan	nan
11	60228735	60229382	DEL	1	0.871	0.5	nan	0.149138077004
11	98148399	98212796	DUP	85	0.806	0.652554759023	5.65310924602e-26	3.00907102247e-33
11	100817655	100820663	DEL	2	0.651	0.507142857143	0.0584134934097	0.0275616670192
11	131405729	131406206	DUP	2	0.971	0.551315789474	0.00309063088474	0.334293500482
12	60173356	60173878	DUP	0	0.727	nan	nan	nan
12	73062598	73088289	DEL	0	0.037	nan	nan	nan
12	75547922	75572356	DEL	1	0.081	0.6	nan	0.517975727422
12	80880491	80895554	DEL	3	0.345	0.586124401914	0.889328154203	0.985028190708
12	80988331	81019079	DEL	0	0.018	nan	nan	nan
12	81618586	81626675	DEL	0	0.154	nan	nan	nan
12	97870273	97875696	DEL	3	0.57	0.576041666667	0.922732344156	0.880861218442
12	102097012	102106306	DEL	1	0.29	0.645768025078	0.0895117530686	0.060079755251
12	127308503	127315005	DEL	5	0.594	0.604231479423	0.499670753078	0.863697469342
13	40087689	40088007	DEL	1	0.938	0.621621621622	nan	0.319945817608
13	49284461	49343043	DUP	17	0.294	0.663342508808	3.85346356505e-08	1.44444280012e-09
13	50163809	50179454	DEL	0	0.07	0.714285714286	nan	0.127045275847
13	93448487	93461603	DEL	2	0.288	0.571214392804	0.877183965778	0.969826745865
13	94357235	94369759	DEL	1	0.203	0.576923076923	nan	0.742822021039
14	23862374	23888040	DEL	0	0.028	nan	nan	nan
14	28506099	28520243	DEL	2	0.285	0.641414141414	0.604769438048	0.822244513967
14	32904231	32909169	DUP	0	0.244	nan	nan	nan
14	33859159	33860185	DUP	0	0.551	nan	nan	nan
14	37928753	37948391	DEL	0	0.07	nan	nan	nan
14	68068610	68071772	DEL	0	0.308	nan	nan	nan
15	33605301	33617521	DUP	0	0.116	nan	nan	nan
15	47518807	47527672	DEL	0	0.143	0.666666666667	nan	0.190069608185
15	58851369	58853307	DUP	1	0.623	0.585365853659	nan	0.636841938174
15	60074956	60103803	DEL	1	0.077	0.555555555556	nan	0.729081442164
15	66521832	66524433	DEL	8	0.966	0.571981497699	0.571632323179	0.883973480043
15	87830530	87870489	DEL	5	0.204	0.601484912147	0.316675978396	0.28740835488
16	16245729	16256767	DEL	0	0.117	nan	nan	nan
16	21363810	21602618	DEL	0	0.0	0.736842105263	nan	0.114838824611
16	82446255	82711504	DUP	196	0.408	0.666602391407	2.99485205232e-92	3.28532582779e-110
16	83909041	83926368	DEL	2	0.232	0.568322981366	0.134239788903	0.583245538056
17	4007594	4324408	DUP	30	0.019	0.683068233727	2.25203382372e-28	2.36305400852e-35
17	21556170	25363654	DEL	11	0.0	0.706764991168	5.36636110479e-07	6.88390511467e-08
17	39211908	39221312	DEL	0	0.16	nan	nan	nan
17	64258845	64259329	DEL	0	0.697	nan	nan	nan
18	30037470	30037675	DEL	1	0.971	0.576923076923	nan	0.742822021039
19	1	1	DEL	0	nan	nan	nan	nan
20	4234781	4238447	DUP	1	0.463	0.689510939511	0.455013839595	0.203577093411
20	6013320	6017259	DEL	1	0.441	0.625	nan	0.316584981491
20	15755244	15765167	DEL	5	0.499	0.60047826087	0.146562533129	0.166486626437
20	47337049	47341312	DUP	5	0.744	0.658620045633	0.0470030623109	0.0812424503272
20	49132410	49132637	DEL	1	0.972	0.527777777778	nan	0.326984969806
20	56248075	56252910	DEL	0	0.259	nan	nan	nan
21	17311697	17435462	DEL	1	0.0	0.56	nan	0.775855666476
21	42855515	42855647	DUP	0	0.908	0.65625	nan	0.195708718337
22	30731066	30731540	DUP	1	0.921	0.533333333333	nan	0.40108841368
22	33459104	33470309	DEL	2	0.329	0.621499202552	0.719692822615	0.45935481452
22	39515118	39525791	DEL	1	0.253	0.5	nan	0.149138077004
22	44251958	44257056	DEL	0	0.23	nan	nan	nan
22	44641315	44641594	DUP	0	0.803	nan	nan	nan
22	51055900	51234443	DUP	92	0.28	0.668104350662	1.2698669621e-41	4.55941065741e-52
X	3206732	3216695	DEL	0	0.109	nan	nan	nan
X	57285994	57291268	DUP	12	0.921	0.596034731295	0.52466282498	0.787450477887
X	133460586	133466162	DEL	1	0.375	0.53125	nan	0.366896253286
X	142769032	142781735	DEL	14	0.725	0.609527149511	0.226517278974	0.42653244223
X	151041009	151042244	DEL	0	0.529	nan	nan	nan
14	56324532	56333475	FAKE_DEL	11	0.732	0.583154028546	0.895512644458	0.806651685686
11	55514045	55517564	FAKE_DEL	39	1.0	0.589535199962	0.453069804403	0.556607342279
17	43069136	43405943	FAKE_DUP	296	0.525	0.571245787834	0.00575710771321	0.141612244645
16	32234530	32262433	FAKE_DEL	14	0.413	0.592188708963	0.534153455759	0.621375100337
6	116354424	116370674	FAKE_DEL	7	0.427	0.527622011973	0.000167373172462	0.00494379342421
1	89072643	89088943	FAKE_DEL	41	0.969	0.574177700424	0.314641766025	0.323132582722
2	4880309	4883995	FAKE_DEL	5	0.814	0.628177788784	0.0025608299907	0.00488266233025
3	178909198	178912191	FAKE_DEL	2	0.622	0.581585081585	0.986195578099	0.777814395708
2	104811486	104816255	FAKE_DEL	3	0.585	0.548888888889	0.158911590527	0.343402073552
3	70172726	70174301	FAKE_DEL	0	0.469	nan	nan	nan
21	24437067	24437204	FAKE_DEL	0	0.9	nan	nan	nan
5	110466301	110474104	FAKE_DEL	16	0.906	0.586174725996	0.769087651743	0.613465017984
9	34226785	34295053	FAKE_DUP	35	0.383	0.581526115578	0.941756842911	0.714220604888
13	95627891	95632104	FAKE_DUP	1	0.421	0.59375	nan	0.535278241212
1	172222282	172222592	FAKE_DEL	0	0.784	nan	nan	nan
7	86818151	86882139	FAKE_DEL	121	0.932	0.570340287075	0.0492276712175	0.147039645668
8	104601805	104765332	FAKE_DEL	392	0.986	0.575782994098	0.0631125200073	0.231131371009
8	29330615	29333145	FAKE_DEL	0	0.362	nan	nan	nan
8	140189547	140224703	FAKE_DEL	30	0.581	0.582409761278	0.881565916086	0.985491421469
2	38342022	38371515	FAKE_DEL	7	0.296	0.620576699988	0.237268261908	0.43509513061
16	71144312	71156357	FAKE_DUP	4	0.423	0.58743115942	0.823753787154	0.846831272622
14	21686550	21701482	FAKE_DEL	21	0.766	0.573816856874	0.546757055668	0.331479752373
21	37589378	37630104	FAKE_DEL	15	0.357	0.563363305595	0.159229662118	0.451701627413
10	101796149	102118211	FAKE_DUP	168	0.24	0.570970430403	0.0158130377479	0.0882679319665
10	66308643	66314000	FAKE_DEL	7	0.774	0.627804213393	0.0996174329306	0.148156892823
1	222407166	222409930	FAKE_DUP	0	0.365	nan	nan	nan
14	38698654	38700403	FAKE_DUP	3	0.877	0.512820512821	0.0332359249161	0.0632448866048
3	73124557	73128038	FAKE_DUP	3	0.687	0.521739130435	0.0	0.0174072198166
2	63253301	63254947	FAKE_DEL	0	0.491	nan	nan	nan
21	37136231	37154794	FAKE_DEL	7	0.389	0.557814246773	0.22529313576	0.718171894731
8	4510995	4513519	FAKE_DUP	5	0.882	0.545375816993	0.0367232954173	0.0877250024902
7	141035417	141056691	FAKE_DUP	21	0.654	0.591804521501	0.408035932595	0.48949198251
6	7890315	7895327	FAKE_DEL	6	0.759	0.593706962562	0.672698443643	0.798524089162
10	91011864	91033230	FAKE_DEL	16	0.561	0.594608827119	0.408230065152	0.497702384986
9	23673635	23738700	FAKE_DEL	33	0.366	0.576014642003	0.601146009506	0.963585481126
5	178011315	178275671	FAKE_DEL	673	0.996	0.577797325273	0.178945682874	0.30669338168
11	10620343	10625981	FAKE_DEL	7	0.755	0.562097270211	0.225873552388	0.662414577016
6	132239961	132272407	FAKE_DEL	35	0.671	0.564209270273	0.0324365902021	0.459358924263
2	124349306	124361456	FAKE_DEL	12	0.652	0.538471062914	0.00204555945926	0.0529796641805
10	69894013	69895247	FAKE_DEL	1	0.734	0.615384615385	nan	0.368216875363
5	16617167	16665093	FAKE_DEL	147	0.984	0.585110432733	0.402459255333	0.14951028526
3	59033890	59043250	FAKE_DUP	1	0.278	0.588235294118	nan	0.607339403558
17	28348513	28351134	FAKE_DEL	0	0.365	nan	nan	nan
1	115604869	115605467	FAKE_DEL	0	0.696	nan	nan	nan
7	24290193	24329314	FAKE_DUP	52	0.77	0.590576881334	0.224818653865	0.0999187497393
4	106116187	106132544	FAKE_DEL	16	0.668	0.541135645607	3.95876700363e-05	0.00944860648673
19	45750868	45752406	FAKE_DEL	2	0.814	0.582146248813	0.979976093515	0.874399122477
5	6230690	6296995	FAKE_DEL	66	0.615	0.589479829878	0.213391192012	0.0846113949418
8	91106805	92486500	FAKE_DEL	983	0.317	0.578640900872	0.258590001804	0.688138326739
3	119819435	119827378	FAKE_DEL	2	0.401	0.559907834101	0.318555028742	0.651648660279
2	36256650	36275206	FAKE_DEL	1	0.142	0.592592592593	nan	0.559982681059
2	189633755	189641198	FAKE_DEL	1	0.301	0.518518518519	nan	0.238675116087
4	121161905	121165695	FAKE_DEL	3	0.652	0.581335090031	0.987902753887	0.777814395708
5	21399504	21542616	FAKE_DUP	124	0.552	0.620608252375	1.82095710447e-08	9.09994945377e-09
2	195375802	195451721	FAKE_DUP	108	0.83	0.5687872959	0.0203630993133	0.13072146606
7	100314690	100344323	FAKE_DEL	6	0.274	0.575949315867	0.827675412625	0.943328815313
14	52708923	52734282	FAKE_DEL	6	0.342	0.589371206511	0.689314990367	0.792658942036
15	67433772	67435052	FAKE_DEL	0	0.514	nan	nan	nan
3	79043463	79043970	FAKE_DEL	0	0.73	nan	nan	nan
13	114554394	114560093	FAKE_DUP	1	0.385	0.619047619048	nan	0.34745233376
4	135390136	135425540	FAKE_DEL	47	0.776	0.584578831001	0.658872526228	0.624426029003
5	41033325	41067277	FAKE_DEL	18	0.415	0.600897188874	0.22027637749	0.676582167467
4	174048031	174048177	FAKE_DEL	0	0.874	nan	nan	nan
2	174746452	174746909	FAKE_DEL	0	0.735	nan	nan	nan
5	44251349	44252163	FAKE_DEL	0	0.621	nan	nan	nan
5	168568000	168571749	FAKE_DEL	5	0.792	0.60506706945	0.53057263923	0.716877894323
6	713066	725434	FAKE_DEL	0	0.11	nan	nan	nan
12	56995895	56999218	FAKE_DEL	0	0.3	nan	nan	nan
18	60612525	60627042	FAKE_DEL	19	0.759	0.546799719956	0.0112215305328	0.0183362650443
8	137714116	137736419	FAKE_DUP	3	0.239	0.621649561981	0.295190929637	0.28332364088
1	45312321	45393722	FAKE_DEL	118	0.839	0.576966274829	0.459830339955	0.777132082496
6	113968300	113971923	FAKE_DEL	4	0.745	0.631355651517	0.34283051329	0.20698439303
1	197974068	197989577	FAKE_DUP	28	0.882	0.557473169541	0.016111109907	0.102613459905
9	132622803	132634331	FAKE_DEL	11	0.653	0.584396758537	0.780836862422	0.193122981718
1	224513344	224670954	FAKE_DUP	176	0.713	0.571418102336	0.0206444662482	0.457621688083
20	14059684	14061013	FAKE_DUP	0	0.518	nan	nan	nan
9	29416187	29579738	FAKE_DUP	357	0.977	0.574808723098	0.0471583840086	0.644287310357
2	101923501	101953628	FAKE_DEL	21	0.48	0.587411651323	0.648252322753	0.616085314221
1	180167498	180187645	FAKE_DEL	14	0.516	0.573811090352	0.605701764672	0.997578274713
7	49867968	49873721	FAKE_DEL	0	0.208	nan	nan	nan
8	130747633	131255099	FAKE_DUP	456	0.552	0.574185478152	0.0150921682579	0.0618743252242
5	10922544	11021554	FAKE_DUP	168	0.908	0.577138367236	0.39532212293	0.836339087279
5	100196561	100260790	FAKE_DEL	57	0.582	0.579158116649	0.820849020147	0.935143178692
4	31602902	31628640	FAKE_DEL	47	0.894	0.591165547933	0.200736691994	0.140108825606
5	97981265	97986510	FAKE_DEL	0	0.239	nan	nan	nan
1	167009271	167290663	FAKE_DEL	227	0.475	0.58323038905	0.574130415951	0.811469892864
3	20939152	20970766	FAKE_DEL	26	0.547	0.587405235495	0.57832241057	0.115094878996
12	123634696	123638464	FAKE_DEL	6	0.843	0.560406403941	0.334076792546	0.765167452968
3	70327405	70334739	FAKE_DEL	8	0.709	0.589322445082	0.703121644248	0.866211298417
19	2330147	2345145	FAKE_DUP	13	0.643	0.559308390023	0.180596605655	0.310715956105
16	77259004	77260482	FAKE_DUP	0	0.504	nan	nan	nan
12	110915162	110920100	FAKE_DEL	8	0.841	0.561274138572	0.248929930088	0.584005367689
10	107442831	107443354	FAKE_DEL	0	0.727	nan	nan	nan
4	177653931	177661552	FAKE_DUP	1	0.36	0.526315789474	nan	0.317303110853
12	20859570	20859725	FAKE_DEL	1	0.985	0.541666666667	nan	0.515114206167
3	162101648	162102295	FAKE_DUP	0	0.667	nan	nan	nan
5	133761941	133826338	FAKE_DEL	33	0.38	0.561619458601	0.0415968601522	0.0122951749616
13	53433550	53436558	FAKE_DUP	2	0.642	0.571428571429	7.63674502976e-30	0.498560968983
2	176607484	176607961	FAKE_DUP	0	0.728	nan	nan	nan
1	16835371	16835893	FAKE_DEL	6	0.999	0.631674693442	0.0121554326772	0.0278301634339
7	135184261	135209952	FAKE_DEL	14	0.423	0.577280552587	0.788367136504	0.847989263451
6	159218693	159243127	FAKE_DEL	30	0.741	0.566697452005	0.0766450715317	0.427794173942
14	41706883	41721946	FAKE_DEL	41	0.957	0.566153041141	0.0478311181164	0.195916615729
9	4749182	4779930	FAKE_DEL	67	0.951	0.574599144628	0.486700830837	0.322636847335
4	171599976	171608065	FAKE_DEL	17	0.913	0.571876079812	0.521908180042	0.711754883316
3	49690574	49695997	FAKE_DEL	0	0.235	nan	nan	nan
20	16029942	16039236	FAKE_DEL	8	0.638	0.602745193874	0.493721623015	0.851976248977
9	1100209	1106711	FAKE_DEL	14	0.921	0.577896558831	0.817574900623	0.893534734842
1	225440903	225441221	FAKE_DUP	0	0.781	0.714285714286	nan	0.127045275847
9	38499144	38557726	FAKE_DEL	53	0.575	0.593040326234	0.230611442245	0.643732805938
7	100888405	100904050	FAKE_DEL	4	0.331	0.550852602682	0.380573183585	0.496234905374
9	130574788	130587904	FAKE_DEL	15	0.721	0.570734893452	0.483473976013	0.547406212621
16	30382837	30395361	FAKE_DEL	10	0.603	0.573277564726	0.658459751384	0.651931145319
22	30692805	30718471	FAKE_DEL	18	0.496	0.608545491877	0.145823501428	0.132189624893
7	125198801	125212945	FAKE_DUP	5	0.429	0.579027671675	0.926697777602	0.686061200464
13	56990546	56995484	FAKE_DUP	6	0.76	0.54551681119	0.0401054233581	0.304474537852
14	58614812	58615838	FAKE_DEL	1	0.779	0.5625	nan	0.807947926282
7	97981928	98001566	FAKE_DEL	34	0.884	0.562435694263	0.0337579234407	0.134459491042
6	130842024	130845186	FAKE_DUP	2	0.641	0.556296296296	0.620986553628	0.916407307405
19	42833648	42845868	FAKE_DEL	1	0.222	0.555555555556	nan	0.729081442164
7	54811741	54820606	FAKE_DUP	14	0.843	0.577105206964	0.808500498493	0.761334967713
2	240631724	240633662	FAKE_DEL	6	0.961	0.551360605708	0.0797829401095	0.419954361551
2	232952209	232981056	FAKE_DEL	33	0.701	0.576958361874	0.665452011746	0.667885223771
5	112619049	112621650	FAKE_DEL	0	0.383	nan	nan	nan
8	11132058	11172017	FAKE_DEL	3	0.096	0.614502164502	0.0934235176247	0.0790507521806
6	34203576	34214614	FAKE_DEL	0	0.13	nan	nan	nan
13	24623133	24861941	FAKE_DUP	304	0.818	0.575959692501	0.131757920881	0.684769872152
15	47009793	47275042	FAKE_DEL	353	0.859	0.575906605491	0.0938172741485	0.220180267004
2	156061914	156079241	FAKE_DUP	1	0.135	0.615384615385	nan	0.368216875363
9	72023140	72339954	FAKE_DEL	325	0.659	0.579115737464	0.584100890194	0.969107120125
16	6299473	6888518	FAKE_DEL	857	0.931	0.580263416148	0.770645531102	0.280671798647
11	47826752	47836156	FAKE_DEL	1	0.291	0.669642857143	0.296575043666	0.0849596309849
6	78545063	78545547	FAKE_DEL	1	0.915	0.545454545455	nan	0.582051415365
3	5911520	5911725	FAKE_DEL	0	0.85	nan	nan	nan
4	76489261	76492927	FAKE_DUP	4	0.741	0.526986506747	0.0773629891041	0.109585194786
4	40216366	40220305	FAKE_DEL	2	0.553	0.513157894737	0.120986334797	0.0852948585104
16	20995506	21005429	FAKE_DEL	6	0.553	0.592376908805	0.528843989439	0.455090815475
12	115282470	115286733	FAKE_DUP	0	0.284	nan	nan	nan
16	60312917	60313144	FAKE_DEL	0	0.846	nan	nan	nan
14	93090697	93095532	FAKE_DEL	7	0.796	0.584419295901	0.856503088757	0.770267034768
22	45608300	45732065	FAKE_DEL	120	0.633	0.583902005217	0.609515936385	0.609332239973
3	56386576	56386708	FAKE_DUP	0	0.907	nan	nan	nan
2	147449697	147450171	FAKE_DUP	0	0.714	nan	nan	nan
17	70195223	70206428	FAKE_DEL	1	0.232	0.619791666667	0.479219332392	0.328794759672
5	145719446	145730119	FAKE_DEL	16	0.832	0.587741832649	0.637536509405	0.720159545545
6	13538314	13543412	FAKE_DEL	0	0.244	nan	nan	nan
8	23740639	23740918	FAKE_DUP	0	0.841	nan	nan	nan
4	108658574	108837117	FAKE_DUP	13	0.03	0.582279533969	0.940129620124	0.828302916073
14	59167074	59177037	FAKE_DEL	0	0.11	nan	nan	nan
1	220422260	220427534	FAKE_DUP	0	0.231	nan	nan	nan
15	69712761	69718337	FAKE_DEL	0	0.236	nan	nan	nan
16	23137144	23149847	FAKE_DEL	4	0.375	0.591992350613	0.720323253825	0.501217422283
16	5198126	5199361	FAKE_DEL	8	0.996	0.593817710342	0.327642523644	0.130169523782
